###### List of placement (translation and rotation)
###### Column 1      is time in seconds
###### Column 2      is rotationAngle in degree
###### Columns 3,4,5 are rotation axis
###### Columns 6,7,8 are translation in mm
Time     s
Rotation deg
Translation mm
0   0     0 1 0   -210 -60 0 
0   180   0 0 1   210 -60 0 
0   0     0 1 0   -210 -57 0 
0   180   0 0 1   210 -57 0 
0   0     0 1 0   -210 -54 0 
0   180   0 0 1   210 -54 0 
0   0     0 1 0   -210 -51 0 
0   180   0 0 1   210 -51 0 
0   0     0 1 0   -210 -48 0 
0   180   0 0 1   210 -48 0 
0   0     0 1 0   -210 -45 0 
0   180   0 0 1   210 -45 0 
0   0     0 1 0   -210 -42 0 
0   180   0 0 1   210 -42 0 
0   0     0 1 0   -210 -39 0 
0   180   0 0 1   210 -39 0 
0   0     0 1 0   -210 -36 0 
0   180   0 0 1   210 -36 0 
0   0     0 1 0   -210 -33 0 
0   180   0 0 1   210 -33 0 
0   0     0 1 0   -210 -30 0 
0   180   0 0 1   210 -30 0 
0   0     0 1 0   -210 -27 0 
0   180   0 0 1   210 -27 0 
0   0     0 1 0   -210 -24 0 
0   180   0 0 1   210 -24 0 
0   0     0 1 0   -210 -21 0 
0   180   0 0 1   210 -21 0 
0   0     0 1 0   -210 -18 0 
0   180   0 0 1   210 -18 0 
0   0     0 1 0   -210 -15 0 
0   180   0 0 1   210 -15 0 
0   0     0 1 0   -210 -12 0 
0   180   0 0 1   210 -12 0 
0   0     0 1 0   -210 -9 0 
0   180   0 0 1   210 -9 0 
0   0     0 1 0   -210 -6 0 
0   180   0 0 1   210 -6 0 
0   0     0 1 0   -210 -3 0 
0   180   0 0 1   210 -3 0 
0   0     0 1 0   -210 0 0 
0   180   0 0 1   210 0 0 
0   0     0 1 0   -210 3 0 
0   180   0 0 1   210 3 0 
0   0     0 1 0   -210 6 0 
0   180   0 0 1   210 6 0 
0   0     0 1 0   -210 9 0 
0   180   0 0 1   210 9 0 
0   0     0 1 0   -210 12 0 
0   180   0 0 1   210 12 0 
0   0     0 1 0   -210 15 0 
0   180   0 0 1   210 15 0 
0   0     0 1 0   -210 18 0 
0   180   0 0 1   210 18 0 
0   0     0 1 0   -210 21 0 
0   180   0 0 1   210 21 0 
0   0     0 1 0   -210 24 0 
0   180   0 0 1   210 24 0 
0   0     0 1 0   -210 27 0 
0   180   0 0 1   210 27 0 
0   0     0 1 0   -210 30 0 
0   180   0 0 1   210 30 0 
0   0     0 1 0   -210 33 0 
0   180   0 0 1   210 33 0 
0   0     0 1 0   -210 36 0 
0   180   0 0 1   210 36 0 
0   0     0 1 0   -210 39 0 
0   180   0 0 1   210 39 0 
0   0     0 1 0   -210 42 0 
0   180   0 0 1   210 42 0 
0   0     0 1 0   -210 45 0 
0   180   0 0 1   210 45 0 
0   0     0 1 0   -210 48 0 
0   180   0 0 1   210 48 0 
0   0     0 1 0   -210 51 0 
0   180   0 0 1   210 51 0 
0   0     0 1 0   -210 54 0 
0   180   0 0 1   210 54 0 
0   0     0 1 0   -210 57 0 
0   180   0 0 1   210 57 0 
0   0     0 1 0   -210 60 0 
0   180   0 0 1   210 60 0 
